-2710
**Changes made 07/02/20
*Updated existing node
 5290    3    1                       10
      5208*  1F   80  600 1800  1 1  750X 1 1
                                           15 FX 10.00
      5330*   1   80 1030 1600  1 1 1800  1 1
                                           15
      5291*  F1   25  152  880G 1 1  830G 1 1
                                              FF  4.00
 5330    3    1                       10     *Beckermet North
      6018*   1   75 1090 1600  1 1 1800  1 1
                                           15
      5340*   1   35   98  650G 1 1  500G 1 1
                                           21 FF  1.00
      5290*   1   80 1030 1800  1 1  750X 1 1
                                           15 FX  8.00
 2950    3    1
      2956*   1   90  250 1500  1 1 1800  1 1
                                           15
      2955    1   64  200 1540G 1 1 1310G 1 1
      2780*   1   90  900 1800  1 1  830X 1 1
                                           15 FX  7.00
 1860    4    1                              *Moor Road/Main Road
      1861    1   25  170  650G 1 1  500G 1 1  500G 1 1
      1864    1   40  402 1500  1 1 1800  1 1  650X 1 1
      1868    1   30  829  650G 1 1  500G 1 1  500G 1 1
      1862    1   40  636 1500  1 1 1800  1 1  650X 1 1
**24/10/19 Added roads around Low Moresby and roundabout shortcut
 2565    3    1                              *A595/Rosehill
      2560*   1   60  114 1500  1 1 1800  1 1
                                           17
      2946*  F1   90  740  770G 1 1  640G 1 1
                                           15 FF  2.00
      2570*  1F   60   63 1800  1 1  650X 1 1
                                           17 FX  3.00
 2945    3    1                              *Rosehill
      2940*   1   80  447 1500  1 1 1800  1 1
                                           15
      2760    1   50  789  600G 1 1  500G 1 1
      2946*   1   75  282 1800  1 1  650X 1 1
                                           15
 2935    2    1                              *Moresby Parks
      2949*   1   65  826 1500  1 1
                                           21
      2930*   1   45  196 1500  1 1
                                           38
*Updated existing node
 2920    3    1                              *Common End
      2922*   1   55  488 1500  1 1 1800  1 1
                                           31
      2949*   1   65 2220  650G 1 1  500G 1 1
                                          212
      2543*   1   55 2229 1800  1 1  650X 1 1
                                           31
 2543    3    1
      2542    2   30   25 1880  1 1 3900  1 2
      2920*   1   30 2229 1110G 1 1    0  0 0
                                           31
      2948    0
 2545    3    1
      2560*   1   64  380 1620G 1 1
                                           17
      2550    0
      2948    2   30   25 3900  1 2 1880  2 2
 2946    3    1
      2945*   1   96  282 1800  1 1  650X 1 1
                                           15
      2565*   1   96  740 1500  1 1 1800  1 1
                                           15
      2947*   1   48  656  770G 1 1  640G 1 1
                                          211
 2947    3    1
      2946*   1   48  656  720G 1 1  620G 1 1
                                          211
      2948*   1   48  482 1500  1 1  680X 1 1
                                          211
      2949*   1   48 1090 1500  1 1 1800  1 1
                                           43
 2948    3    1
      2947*   1   48  482 1110G 1 1    0  0 0
                                          211
      2545    0
      2543    2   30   30 1880  1 1 3900  1 2
 2949    3    1
      2920*   1   96 2220 1800  1 1  650X 1 1
                                          212
      2935*   1   96  826 1500  1 1 1800  1 1
                                           21
      2947*   1   48 1090  770G 1 1  640G 1 1
                                           43
 2340    3    5    5 1600
      2342    1   15   86  800  1 1  800  1 1
      2350    1   30  587  800  1 1  800  1 1
      2335    1   30  538  800  1 1  800  1 1
 2342    2    1
      2344    1   15  179 1500  1 1
      2340    1   15   87 1500  1 1
 2344    2    1
      2342    1   15  179 1500  1 1
      2345    1   15  178 1500  1 1
 2910    3    1
      2560    1   55  575 1500  1 1 1800  1 1
      2912*  F1   25  824  650G 1 1  500G 1 1
                                              FF  2.00
      2915    1   25  919 1800  1 1  750X 1 1
 2912    3    1
      2910    1   25  824 1200  1 1 1500  1 1
      2570    1   25  351  600G 1 1  500G 1 1
      2914    1   25  266 1500  1 1  600X 1 1
 2135    2    1                              *Duke St/Catherine St
      2130    1   30  100 1500  1 1
      2210    1   30  164 1500  1 1
 2210    4    1             70               *Catherine Street/Flatt Walks
      2220    1   40  240 1500  1 1 1800  1 1  600X 1 1
      2215    1   20  167  600G 1 1  500G 1 1  500G 1 1
      2010    1   40  100 1500  1 1 1800  1 1  600X 1 1
      2135    1   30  164  600G 1 1  500G 1 1  500G 1 1
 2250    3    5    6 1600                    *New Town/Retail Park
      2030    1   50  277  800  1 1  800  1 1
      2251    1   25  126  800  1 1  800  1 1
*JS Calibration increase speed from 35 to 50
      2260    1   50  121  800  1 1  800  1 1
**End 24/10/19
***********28/10/19
 2416    2    1                              *Mirehouse
      5222*   1   65 2708 1800  1 1
                                           18
*JS JT Validation increase speed from 45 to 50
      2415*   1   50   95 1800  1 1
                                           34
 2611    3    1                              *A5094 New Road
*JS JT Validation increase speed from 50 to 65 on 2160 approach
      2610    1   30   70    0      1800  1 1
    5 2612    1   25   23  650G 1 1    0
      2160*  1F   65 1190 1800  1 1  650X 1 1
                                              FX 10.00
 2560    3    1                              *A595/Lowca Road
      2565*   1   60  114 1500  1 1 1800  1 1
                                           17
      2910*  1F   55  575  650G 1 1  500G 1 1
                                              FX  5.00
      2545*  F1   60  380 1800  1 1  650X 1 1
                                           17 FX  5.00
 2610    3    1                              *A595/Loop Road North
      2612*   1   60   80    0      1800  1 1
                                           31
      2611    1   30   70 1730M 1 1    0
      2590*   2   60  392 1800  1 1 1000X 2 2
                                           31
 2922    3    1
      2920*   1   55  488 1600  1 1 1800  1 1
                                           31
      2924    1   35  293  750G 1 1  600G 1 1
      2928*   1   55  855 1800  1 1  750X 1 1
                                           33
 2928    3    1                              *Distington
      2926*  F1   35  374  750G 1 1  600G 1 1
                                              FF  3.00
      1790*  1F   55  413 1800  1 1  750X 1 1
                                           31 FX  6.00
      2922*   1   55  855 1500  1 1 1800  1 1
                                           33
 5208    2    1
      5290*   1   87  600 1800  1 1
                                           15
      5201*   2   87  470 2658  1 2
                                          151
*Updated existing node
 5174    2    1                              *Egremont North
      5363*   2   85  646 3600  1 2
                                          151
      5172*   1   80  391 1800  1 1
                                           16
**End 28/10/19
 2955    1    0
      2950    1   64  200
 2780    3    5   10 1800                    *Harras Road/Moresby Park
*JS Calibration Capacity increased for southern approach
      2775*   1   80  457 1200  1 1 1200  1 1 1200  1 1
                                           16
      2950*   1   90  900 1200  1 1 1200  1 1 1200  1 1
                                           15
      2815*   1   45  489 1200  1 1 1200  1 1 1200  1 1
                                           34
 2770    3    1                              *Harras Road/Scily Banks
      2775*   1   80  304 1500  1 1 1800  1 1
                                           16
      2762*  F1   40  672  750G 1 1  600G 1 1
                                           34 FF  2.00
      2765*   1   85  820 1800  1 1  750X 1 1
                                           16
 2765    3    1                              *Scily Banks/Victoria Road
      2770*   1   85  820 1500  1 1 1800  1 1
                                           16
      2760    1   50  668  650G 1 1  500G 1 1
      2940*   1   80  669 1800  1 1  750X 1 1
                                           16
 2775    3    1                              *Harras Road/Red Lonning
      2780*   1   80  457 1500  1 1 1800  1 1
                                           16
* JS Calibration speed flow curve added
      2790*   1   25  400  500G 1 1  500G 1 1
*JS Calibration - Give-way capacity reduced
                                           40
      2770*   1   80  304 1800  1 1  750X 1 1
                                           16
 2790    3    1                              *Red Lonning/Caldebeck Road
* JS Calibration speed flow curve added
      2810*   1   25  279 1500  1 1 1800  1 1
                                           40
      2795    1   25  144  650G 1 1  500G 1 1
* JS Calibration speed flow curve added
      2775*   1   25  400 1800  1 1  650X 1 1
                                           40
 2810    3    1                              *Moresby Parks Rd/Red Lonning
      2820*   1   35   63 1500  1 1 1800  1 1
                                           34
* JS Calibration speed flow curve added
      2790*   1   25  279  650G 1 1  500G 1 1
                                           40
      2815*   1   35  160 1800  1 1  650X 1 1
                                           34
**distance changes
 2930    3    1
      2932    1   40  208  770G 1 1  640G 1 1
      2935*   1   45  196 1500  1 1  650X 1 1
                                           38
      2956*   1   35  800 1200  1 1 1500  1 1
                                           38
 2932    2    1
      2930    1   40  208 1500  1 1
      2934    1   30  202 1500  1 1
**new stub
 2956    3    1
      2950*   1   90  250 1800  1 1  830X 1 1
                                           15
      2930*   1   48  800 1200  1 1 1500  1 1
                                           38
      2957    1   48  200  820G 1 1  760G 1 1
 2940    3    1
      2945*   1   80  447 1500  1 1 1800  1 1
                                           15
      2934    1   35  214  750G 1 1  650G 1 1
      2765*   1   80  669 1800  1 1  750X 1 1
                                           16
*Slowed down side road to match JT
 5170    3    1
      5164*   1   55  472 1500  1 1 1800  1 1
                                           17
      5135*  F1   40  552  650G 1 1  500G 1 1
                                           21 FF  2.00
      5172*   1   60  288 1800  1 1  750X 1 1
                                           17
 5172    2    1
      5170*   1   60  288 1800  1 1
                                           17
      5174*   1   80  391 1800  1 1
                                           16
**Pedestrian Crossing Egremont
 5357    3    1
      5300*   1   48  326 1620G 1 1
                                           17
      5360    0
      5180    2   30   30 1880  1 1 1880  2 2
 5299    3    1
      5296    2   80   25 1880  1 1 1880  2 2
      5300*   1   30  276 1620G 1 1
                                           17
      5190    0
 5300    2    3    1       110
      5357*   1   48  326 1800  1 1
                                           17
      5299*   1   48  276 1800  1 1
                                           17
             90   20    4 5357    0 5299    0
**new stub
 2957    1    0
      2956    1   48  200
**new stub
 2958    1    0
      2934    1   48  200
**new stub
 2934    3    1
      2932    1   30  202 1200  1 1 1500  1 1
      2958    1   48  200  770G 1 1  640G 1 1
      2940    1   35  214 1500  1 1  690X 1 1
 2020    3    1             90               *Irish Street/Howgill Lane
      2010    2   45  291    0      3600  1 2
      2218    1   15   71  300G 1 1    0
      2025    0
**End 28/10/19 AC
* 17/10/19 Update KA
 2140    3    1             90               *Bransty Rw/George St/Tangier
      2150    1   28   73 1800  1 1    0
      2180    1   22   50    0       500G 1 1
      2110    2   22  130 1800  1 1  650X 2 2
 2095    2    3    1        90               *Pelican Strand St-Duke St CP1
      2090    2   22  130 3600  1 2
      2110    0        32
             74   16    2 2090 2110
 2110    3    1             90               *Strand St/Duke St
      2140    0
      2115    0
      2095    2   22   32 1200  1 1 1500  2 2
 2115    2    3    1        90               *Duke Street Pelican
      2110    1   30   50 1800  1 1
      2120    0        58
             75   15    2 2110 2120
 2120    3    1             90               *Duke Street/Church Street
      2115    2   30   60    0      1300G 1 2
      2190    1   22  100 1500  1 1    0
      2125    0        78
 2125    3    1                              *Duke Street
      2120    2   40   78 3600  1 2 1200  2 2
      2130    0
      2015    0
 2090    3    1             90               *Strand St/Lowther St
      2095    0       128
      2015    1   30  211            550G 1 1
      2085    1   20   64 1500  1 1
 2011    2    1             70
      2012    0        55
      2010    1   30   35 1100  1 1
 2012    2    1             70
      2015    0        30
      2011    1   30   55 1100  1 1
 2015    4    1                              *Lowther Street/Queen Street
      2090    0
      2125    1   18  150            300G 1 1  250G 1 1
      2012    1   30   30 1000  1 1 1100  1 1
      2052    0
 2758    3    1                              *Park View/Victoria Road
      2756    1   12   65    0      1500  1 1
      2755    1   20   81  600G 1 1    0
      2762*   1   54  520  200  1 1  500X 1 1
                                           34
 2762    2    1                              *Harras Road, Harras
      2770*   1   40  672 1500  1 1
                                           34
      2758*   1   30  520 1500  1 1
                                           34
 2755    3    1                              *Victoria Road/Oakbank Road
      2750    1   35   94 1200  1 1 1500  1 1
      2758    1   20   81    0       500G 1 1
      2756    1   25  123 1500  1 1     0
 2756    3    1                              *Park View/Oakbank Road
      2755    1   25  123    0      1200  1 1
      2758    1   12   65  640G 1 1    0  0 0
      2180    1   22  518 1100  1 1  200X 1 1
 2180    3    1             90               *George Street/Wellington Row
      2140    1   22   50 1500  1 1 1800  1 1
      2756    1   22  518  650G 1 1  500G 1 1
      2190*  1F   27   85 1300  1 1  650X 1 1
                                              FX  2.00
 2190    3    1                              *George Street/Church Street
      2180    1   27   85  700  1 1 1300  1 1
      2195    1   18  167  300G 1 1  250G 1 1
      2120    0       106
 2195    3    1
      2190    1   18  167  300G 1 1  250G 1 1
      2196    1   25   79 1200  1 1  300X 1 1
      2130    1   18   86  600  1 1  700  1 1
 2130    4    1                              *Duke Street/Scotch Street
      2125    2   40   75 1500  1 1 1500  1 1 3600  1 2
      2195    1   18   86  300G 1 1  250G 1 1    0
      2135    1   30  100  300G 1 1            250G 1 1
      2010    0       164
*
* 17/10/19 Update KA End
**17/10/19**Reducing Speeds**AC
 2345    3    1
      2355    1   20   49 1200  1 1 1500  1 1
      2344    1   15  177  600G 1 1  500G 1 1
      2690    1   20  242 1200  1 1  600X 1 1
*** reduce satflow based on new layout
 2350    3    1                              *Meadow Road/Whinlatter Road
      2360    1   30  161 1200  1 1  650X 1 1
      2340    1   30  587  900  1 1 1200  1 1
      2355    1   10  217  650G 1 1  300G 1 1
 2355    3    1
      2368    1   25  172  600G 1 1  500G 1 1
      2350    1   10  217  200  1 1  200X 1 1
      2345    1   20   49 1200  1 1 1500  1 1
 2360    3    1
      2350    1   30  161 1200  1 1 1500  1 1
      2365    1   25  189  650G 1 1  500G 1 1
      2370    1   40  316 1500  1 1  650X 1 1
*Updated existing node
 2690    3    1             90               *A595/Meadow Road
      2715*   1   55  250 1500  1 1 1800  1 1
                                           17
      2345*  F1   20  242  750G 1 1  600G 1 1
                                              FF  3.00
      2797*  1F   55  119 1800  1 1  750X 1 1
                                           17 FX  7.00
 2715    2    3    1        80               *Puffin at Rutlands Avenue
      2690*   1   55  250 1800  1 1
                                           17
      2720*   1   55  233 1800  1 1
                                           17
             60   20    4 2690    0 2720    0
*Hensingham roundabout
 2797    3    1
      2690*   1   48  119 1250G 1 1
                                           17
      2801    0
      2680    1   30   20 1880  1 1 1880  1 1
 2801    3    1
      2670*   1   30  901 1250G 1 1
                                           31
      2803    0
      2797    1   30   60 1880  1 1 1880  1 1
**17/10/19**Increasing Speeds**AC
 2440    3    1                              *Low Road/Woodhouse Road
*JS JT Validation increase speed from 45 to 50
      2410*   1   50  851 1500  1 1 1800  1 1
                                           33
      2535*  F1   30  445  650G 1 1  500G 1 1
                                              FF  2.00
*JS JT Validation increase speed from 40 to 50
      2450*   1   50  855 1800  1 1  650X 1 1
                                           33
 2450    3    1                              *Meadow Road/Low Road
      2390    1   40  823  650G 1 1  500G 1 1
*JS JT Validation increase speed from 40 to 50
      2440*   1   50  855 1800  1 1  650X 1 1
                                           33
*JS Calibration increase speed from 30 to 50
      2460*   1   50  579 1500  1 1 1800  1 1
                                           34
**Added Signals to A595 Mirehouse Road
 2720    3    3    3        71               *A595 Mirehouse Road Jct
      2730*  F1   85  863 1690  1 1 1800  1 1
                                           16 FF  6.0
      2430*  F1   52  329 1630  1 1 1800  1 1
                                              FF  4.0
      2715*  1F   55  233 1800  1 1 1730X 1 1
                                           17 FX  9.0
             33    0    4 2715    0 2730    0
             18    7    2 2715    0
             20    6    2 2430    0
**
*6000 Series nodes are in Sellafield
*
*
 6010    3    1                              *A595 North/Blackbeck Rndbt
      6018*   1   65   90 1800  1 1    0
                                           15
      6011    0
      6016*   1   30   30 1800  1 1    0
                                           15
 6011    3    1                              *A595 North/Blackbeck Rndbt
      6010    2   30   32 2560  1 2    0
      6012    0
      6016    1   30   42    0       900G 1 1
 6012    2    1                              *Haile Road/Blackbeck Rndbt
      6013    0
      6011    2   30   32 3600  1 2
 6013    3    1                              *A595 South/Blackbeck Rndbt
      6020*   1   80  966 1650G 1 1    0
                                           15
      6014    0
      6012    2   30   41 1800  1 1 1800  2 2
 6014    3    1                              *Sellafield North/Blackbeck
      6030    1   75 1730 1100G 1 1    0
      6015    0        51
      6013    2   30   47 1800  1 1 1800  2 2
 6015    3    1                              *Beckermet/Blackbeck Rndbt
      5350    1   55  856 1560G 1 1    0
      6016    0
      6014    2   30   51 1800  1 1 1800  2 2
 6016    3    1                              *A595 North/Blackbeck Rndbt
      6010    0
      6011    0
      6015    2   30   40 1800  1 1 1800  2 2
 6018    2    1                              *A595 Blackbeck
      5330*   1   75 1090 1800  1 1
                                           15
      6010*   1   65   90 1800  1 1
                                           15
 6020    3    1
      5355    1   50 1409  650G 1 1  500G 1 1
      6013*   1   80  966 1800  1 1  750X 1 1
                                           15
      6060*   1   70  802 1600  1 1 1800  1 1
                                           19
 5340    3    1                              *Middletown
      5330*   1   35   98 1200  1 1 1500  1 1
                                           21
      5350    1   40 1098  600G 1 1  500G 1 1
      5320*   1   50 2491 1500  1 1  600X 1 1
                                           21
**Route 6NB and 6SB
 2825    3    1             60
      2818*  F1   20  223 1800G 1 1 1800G 1 1   *increase satflow assuming that school trips use surrounding roads
                                              FF  2.00
    5 2826*   1   40   22 1800  1 1
                                           38
      2820*   1   40  226           1800  1 1
                                           38
 2820    3    5    4 1600                    *Main Street/Cleator Moor Rd
      2830*   1   40   91  800  1 1  800  1 1
                                           34
      2810*   1   35   63  800  1 1  800  1 1
                                           34
      2825*   1   40  226  800  1 1  800  1 1
                                           38
 2826    2    3    1        60
      2890*   1   40  191 1800  1 1
                                           38
    5 2825*   1   40   22 1800  1 1
                                           38
             43   17    4 2890    0 2825    0
 2890    3    1             60               *Cleator Moor Road/Overend Roa
      2898*   1   50  125 1500  1 1 1800  1 1
                                           38
      2895    1   40  111  650G 1 1  500G 1 1
      2826*   1   40  191 1900  1 1  650X 1 1
                                           38
 2898    2    1
      5010*   1   50 1167 1800  1 1
                                           17
      2890*   1   45  125 1800  1 1
                                           38
 5015    2    1
      5020*   1   45  405 1800  1 1
                                           38     
      5010*   1   45  603 1800  1 1
                                           17
 5020    3    1                              *B5295/B5294 Cleator Moor
      5025*   1   30  255  650G 1 1  500G 1 1
                                           36
      5030*   1   40  352 1800  1 1  650X 1 1
                                           38
      5015*   1   45  405 1500  1 1 1800  1 1
                                           38
 5030    2    5    5 2000   90
      5020*   1   40  352  800  1 1 
                                           38
      5035*   1   40  298 1200  1 1 
                                           38
 5035    2    3    1        90
      5040*   1   35  256 1800  1 1
                                           38
      5030*   1   40  298 1800  1 1
                                           38
             75   15    4 5040    0 5030    0
 5040    3    1             90
      5035*   1   35  256 1500  1 1 1800  1 1
                                           34
      5045*   1   25  323  600G 1 1  500G 1 1
                                           38
      5050*   1   35   54 1800  1 1  600X 1 1
                                           38
 5045    2    1
      5090*   1   40 1057 1500  1 1
                                           21
      5040*   1   25  323 1500  1 1
                                           38
 5050    3    1             90
      5060*   1   35  485 1500  1 1 1800  1 1
                                           38
      5055*  F1   25   96  600G 1 1  500G 1 1
                                           38 FF  1.00
      5040*  1F   35   54 1800  1 1  650X 1 1
                                           38 FX  1.00
 5060    3    1
      5070*   1   35  113 1500  1 1 1800  1 1
                                           38
      5065    1   25  223  650G 1 1  500G 1 1
      5050*   1   35  485 1800  1 1  650X 1 1
                                           38
 5070    3    1
      5072*  F1   25  185  650G 1 1  500G 1 1
                                              FF  1.00
      5080*   1   30  339 1800  1 1  650X 1 1
                                           38
      5060*   1   35  113 1500  1 1 1800  1 1
                                           38
 5090    3    1
      5095*   1   55  426 1500  1 1 1800  1 1
                                           17
      5045*  F1   40 1056  650G 1 1  500G 1 1
                                           21 FF  4.00
      5028*   1   55  953 1800  1 1  650X 1 1
                                           17
**Route 7NB and 7SB
 5132    2    1
      5130*   1   75  679 1800  1 1
                                           19
      5134*   1   40  221 1800  1 1
                                           35
 5080    3    1                              *A5086/B5295 Jct Cleator Moor
      5085*   1   40  236 1500  1 1 1800  1 1
                                           38
      5070*  F1   30  339  650G 1 1  500G 1 1
                                           38 FF  4.00
      5075*   1   40  171 1800  1 1  650X 1 1
                                           38
 5110    3    1                              *A5086/B5294 Jct Frizington
      5095*   1   35  683  600G 1 1  500G 1 1
                                           35
      5112*   1   35  184 1800  1 1  650X 1 1
                                           37
      5115*   1   40  753 1500  1 1 1800  1 1
                                           34
 5112    2    3    1        90               *Frizington Pelican CP13
      5113*   1   35  515 1800  1 1
                                           37
      5110*   1   35  184 1800  1 1
                                           37
             74   16    4 5113    0 5110    0
 5113    2    3    1        60
      5112*   1   35  515 1800  1 1
                                           37
      5114*   1   35  495 1800  1 1
                                           37
             42   18    4 5112    0 5114    0
 5114    2    1                              *A5086 Frizington
      5116*   1   75 1305 1800  1 1
                                           30
      5113*   1   35  495 1800  1 1
                                           37
 5115    2    1
      5110*   1   40  753 1800  1 1
                                           34
      5075*   1   65 1741 1800  1 1
                                           16
 5130    3    1
      5185*   1   75 1334  500  1 1 1800  1 1
                                           16
      5135*  F1   40  219  750G 1 1  600G 1 1
                                           21 FF  5.00
      5132*   1   75  679 1800  1 1  750X 1 1
                                           19
 5116    2    1
      5114*   1   75 1305 1800  1 1
                                           30
      5118*   1   40 1015 1800  1 1
                                           43
 5118    2    1
      5120*   1   55 1950 1800  1 1
                                           17
      5116*   1   40 1015 1800  1 1
                                           43
**Route 8NB and 8SB
 6070    3    1
      5125*  F1   5011215  600G 1 1  500G 1 1
                                           51
      6075*   1   40  114 1800  1 1  600X 1 1
                                           19
      6060*   1   40  317 1500  1 1 1800  1 1
                                           19
 5125    3    1
      5122*   1   25  963 1200  1 1 1500  1 1
                                           51
      6070*  F1   5011215  600G 1 1  500G 1 1
                                           51
      5126*   1   55 4000 1500  1 1  600X 1 1
                                           21
 5122    2    1
      5120*   1   40 3537 1500  1 1
                                           51
      5125*   1   25  963 1500  1 1
                                           51
 5120    3    1
      4575*   1   75 1610 1500  1 1 1800  1 1
                                           16
      5122*  F1   40 3537  750G 1 1  600G 1 1
                                           51
      5118*   1   55 1950 1800  1 1  750X 1 1
                                           17
 4440    4    5   18 2200             15     *A66/Lamplugh Road Rndbt
      4450*   1   85 4796 1620  1 1 1620  1 1 1620  1 1  
                                           15
      4550*   1   75 1714 1620  1 1 1620  1 1 1620  1 1  
                                           15
      4430*   1   85  949 1620  1 1 1620  1 1 1620  1 1  
                                           15
      4146    1   40  401 1620  1 1 1620  1 1 1620  1 1  
 4550    3    1
      4552    1   50 1196  600G 1 1  500G 1 1
      4440*   1   75 1714 2000  1 1  650X 1 1
                                           15
      4560*   1   90 5230 1600  1 1 2000  1 1
                                           16
 4560    3    1
      1768*   1   60 6400  750G 1 1  600G 1 1
                                           34
      4550*   1   90 5230 2000  1 1  750X 1 1
                                           16
      4570*   1   75  125 1600  1 1 2000  1 1
                                           16
 4570    3    1
      4560*   1   75  125 1600  1 1 2000  1 1
                                           16
      4572*   1   60 9100  750G 1 1  600G 1 1
                                           21
      4575*   1   75 2942 2000  1 1  750X 1 1
                                           16
 4575    2    1
      4570*   1   75 2942 2000  1 1
                                           16
      5120*   1   75 1610 2000  1 1
                                           16
 5075    3    1
      5074*  F1   40  209  650G 1 1  500G 1 1
                                              FF  1.00
      5115*   1   65 1741 1800  1 1  650X 1 1
                                           16
      5080*   1   40  171 1500  1 1 1800  1 1
                                           38
 1768    2    1
      4560*   1   60 6400 1500  1 1
                                           34
      1762*   1   50  235 1500  1 1
                                           16
**Route 2NB and 2SB
 5238    2    1
      5310*   1   65 2881 1500  1 1
                                           21
      5230*   1   30  879 1500  1 1
                                           40
 5230    3    1
      5232*   1   25   85 1200  1 1 1500  1 1
                                           40
      5236    1   30  433  600G 1 1  500G 1 1
      5238*   1   30  879 1500  1 1  600X 1 1
                                           40
 5232    2    1
      5234*   1   25  165 1200  1 1
                                           40
      5230*   1   25   85 1200  1 1
                                           40
 5234    2    1
      5220*   1   25  100 1200  1 1
                                           40
      5232*   1   25  165 1200  1 1
                                           40
 5220    3    1
      5222*   1   25  637  600  1 1 1200  1 1
                                           40
      5224    1   25  745  400G 1 1  300G 1 1
      5234*   1   25  100 1200  1 1  400X 1 1
                                           40
 5222    2    1
      5220*   1   25  637 1500  1 1
                                           40
      2416*   1   65 2708 1500  1 1
                                           18
**Route 15NB and SB
 1802    3    1
      1690*   1   80  503 2000  1 1
                                           17
      1798    0
      1797    1   30   25 2000  1 1
 1690    3    1                              *Lillyhall Ind Estate Access
      1675*  F1   35  110  750G 1 1  600G 1 1
                                              FF  2.00
*JS JT Validation increase speed
      1802*  1F   80  503 2000  1 1  750X 1 1
                                           17 FX  6.00
*JS JT Validation increase speed
      1665*   1   95  815 1600  1 1 2000  1 1
                                           16
 1664    3    1                              *A596/Lillyhall Junction
      1660*   1   80   68    0      2000  1 1
                                           19
      1662*  F1   35   38  750G 1 1  600G 1 1
                                              FF  2.00
*JS JT Validation increase speed
      1665*   1   95  257 1900  1 1  745X 1 1
                                           16
 1665    3    1                              *A596/Scaw Road
*JS JT Validation increase speed
      1664*   1   95  257 2000  1 1  750X 1 1
                                           16
*JS JT Validation increase speed
      1690*   1   95  815 1600  1 1 2000  1 1
                                           16
      1834    1   50  485  750G 1 1  600G 1 1
**Route 12NB and SB
 5224    2    1
      5226    1   50 2405 1500  1 1
      5220    1   25  745 1500  1 1
 5226    2    1
      5160    1   50  540 1500  1 1
      5224    1   50 2405 1500  1 1
 5160    3    1                              *A595 Scalegill Hall
      5162*   1   80  675 1600  1 1 1800  1 1
                                           16
      5226    1   50  540  750G 1 1  600G 1 1
      5150*   1   80  248 1800  1 1  750X 1 1
                                           16
**Route 13NB and SB
 5025    2    1
      5028*   1   40  356 1800  1 1
                                           36
      5020*   1   30  255 1800  1 1
                                           36
 5028    2    1
      5090*   1   55  953 1800  1 1
                                           17
      5025*   1   40  356 1800  1 1
                                           36
 5095    2    1
      5090*   1   55  426 1800  1 1
                                           17
      5110*   1   35  683 1800  1 1
                                           35
**Route 5NB and SB
 1795    3    1                              *A597/Hallwood Rd/College
      1796*  F1   25  319  750G 1 1  600G 1 1
                                              FF  5.00
      1889*  1F   64  459 1800  1 1  750X 1 1
                                              FX 10.00 
      1840    1   64  425 1500  1 1 1800  1 1
 1889    3    1
      1795    2   64  459 2500G 1 2
      1890    0
      1886    2   30   30 1880  1 1 3900  1 2
 1840    3    1                              *A597/Charity Lane
      2915    1   48 3626  650G 1 1  500G 1 1
      1835    1   55  397 1800  1 1  650X 1 1
      1795    1   64  425 1500  1 1 1800  1 1
 2915    2    1                              *High Lowca
      1840    1   48 3626 1800  1 1
      2910    1   25  919 1800  1 1
**Route 9NB and SB
 5140    3    1
      5145    1   30  159 1500  1 1  650X 1 1
      5012*   1   45 1371 1200  1 1 1500  1 1
                                           51
      5135*  F1   45 1426  600G 1 1  500G 1 1
                                           51 FF  2.00
 5012    2    1
      5010*   1   30  700 1500  1 1
                                           51
      5140*   1   45 1371 1500  1 1
                                           51
 5010    3    1
      5012*  F1   30  700  750G 1 1  600G 1 1
                                           51 FF  3.00
      2898*   1   50 1167 1800  1 1  750X 1 1
                                           17
      5015*   1   45  603 1500  1 1 1800  1 1
                                           17
*Slowed down to match JT
 5135    3    1
      5140*  F1   45 1426  650G 1 1  500G 1 1
                                           51 FF  2.00
      5130*   1   40  219 1000  1 1  600X 1 1
                                           21
      5170*   1   45  552  800  1 1 1000  1 1
                                           21
**Route 10NB and SB
 5240    3    1             60               *Main St/Bookwell
      5265*  F1   35  120  650G 1 1  500G 1 1
                                              FF  2.00
      5245    1   30  100 1800  1 1  650X 1 1
      5280    1   35  707 1500  1 1 1800  1 1
 5265    2    1
    5 5260    1   35   24 1800  1 1
      5240    1   35  120 1800  1 1
 5260    3    1                              *St Bees Road/Orgill Est
      5270    1   30  434  650G 1 1  500G 1 1
    5 5265    1   35   24 1800  1 1  650X 1 1
      5262    1   30  561 1500  1 1 1800  1 1
 5262    2    1
      5260    1   30  561 1500  1 1
      5264    1   35  324 1500  1 1
 5264    2    1
      5262    1   35  324 1500  1 1
      5310    1   64 1085 1500  1 1
 5310    3    1
      5238*   1   65 2881 1200  1 1 1500  1 1
                                           21
      5264*  F1   64 1085  600G 1 1  500G 1 1
                                              FF  2.00
      5320*   1   60  339 1500  1 1  600X 1 1
                                           21
**Route 21NB and SB
 2010    4    3    2        70               *Scotch St/Lowther St CP7
      2130    3   47  170 1600  1 1 1800  2 2 1400  3 3
      2210    2   40  100 1600  1 1 1800  2 2    0
      2020    0       286
      2011    0        35
       10<19<50    8    4 2210    0 2130 2210
       10<18<45  -25    2 2130    0
 2750    3    1                              *Victoria Road/A595 Link
      2755    1   35   94 1200  1 1 1500  1 1
      2625    1   25   60  650G 1 1  500G 1 1
      2752    1   35  192 1500  1 1  650X 1 1
 2752    2    1                              *Victoria Road
      2740    1   35  620 1500  1 1
      2750    1   35  192 1500  1 1
 2740    3    1                              *Victoria Rd/Rannerdale Drive
      2745    1   30  284  650G 1 1  500G 1 1
      2760    1   40   80 1500  1 1  650X 1 1
      2752    1   35  620 1200  1 1 1500  1 1
**Route 11NB and SB
 5236    2    1
      5230    1   30  433 1500  1 1
      5274    1   65 2547 1500  1 1
 5274    2    1
      5236    1   65 2547 1500  1 1
      5272    1   30  324 1500  1 1
*****Other Changes*****
 5134    3    1
      5085*   1   50 1426 1800  1 1  760X 1 1
                                           34
      5132*   1   40  221 1500  1 1 1800  1 1
                                           35
      5055*  F1   64 1500  770G 1 1  640G 1 1
                                           19 FF  1.00
 5055    3    1
      5050*   1   25   96 1500  1 1 1800  1 1
                                           38
      5065    1   25  435  650G 1 1  500G 1 1
      5134*   1   64 1500 1800  1 1  760X 1 1
                                           19
 5085    3    1
      5080*   1   40  236 1500  1 1 1800  1 1
                                           38
      5126*   1   25  200  650G 1 1  500G 1 1
                                           21
      5134*   1   50 1426 1800  1 1  650X 1 1
                                           34
*Updated existing node
 2670    3    3    2        72               *A595 Hensingham/Ribton Moor C
      2660*   2   50  175 1200F 1 1 1800  2 2
                                           31
      2850*  F1   35  365 1500  1 1 1750  1 1
                                           34 FF  7.00
      2801*   2   60  901 3970  1 2 1400X 2 2
                                           31 TX  1.00
       35<42<50    6    4 2801    0 2660    0
       15<17<25    7    2 2850    0
*Removed flair and representing added give way
 2650    3    1             86
      2645*   1   55   36 1500  1 1 1800  1 1
                                           31
      2840    1   18  174  650G 1 1  500G 1 1
      2660*   1   55  290 1800  1 1  750X 1 1
                                           31
*Removed flair and representing added give way
 2840    3    1
      2842    1   30  136  600G 1 1  500G 1 1
      2650    1   18  174 1500  1 1  600X 1 1
      2845    1   30  143 1200  1 1 1500  1 1
*Added flair and change speed
 2410    3    1                              *St Bees Road/Mirehouse Road
*JS JT Validation increase speed from 45 to 50
      2440*  F1   50  851 1500  1 1 1800  1 1
                                           33 FF  3.00
      2420*  F1   52  371  650G 1 1  500G 1 1
                                              FF  3.00
*JS Calibration distance reduced from 120m to 76m
*JS JT Validation increase speed from 45 to 50
      2415*  1F   50   76 1900  1 1  650X 1 1
                                           34 FX  4.00
 2420    3    1                              *Mirehouse Road/Skiddaw Road
      2430    1   35  594 1500  1 1  600X 1 1
      2410    1   52  371 1200  1 1 1500  1 1
      2375    1   30   67  650G 1 1  500G 1 1
 2430    3    1
      2365    1   25  124  600G 1 1  500G 1 1
      2720    1   52  329 1500  1 1  600X 1 1
      2420    1   35  594 1200  1 1 1500  1 1
*****
 2815    3    1
      2816    0
      2810*   1   40  160 1800  1 1  650X 1 1
                                           34
      2780*   1   45  489 1500  1 1 1800  1 1
                                           34
**Added Signals**
 2030    3    3    2        60               *B5345 New Town/Irish St
      2040    1   25   32    0      1980  1 1
      2025    2   35   40 1730  1 1 1800  2 2
      2250    1   50  277 1980  1 1    0
             25    5    4 2250    0 2040    0
             20   10    2 2025    0
**Removed Signals
 2025    2    1                              *Irish St/Swingpump CP17
      2030    0 
      2020    2   45   61 3600  1 2
**15/01/20 changes
**Whitehaven hospital Improvements
 2885    3    1
      2886    1   35  126           1800  1 1
      2884*  1F   20  124  770G 1 1  640G 1 1
                                              FX  3.00
      2880    1   35   39 1800  1 1
*Delay reduction at Bransty Row junction for realism
 2590    3    1                              *A595/Bransty Road
      2580*   1   60  220 1800  1 1  750X 1 1
                                           17
      2610*   1   60  392 1500  1 1 1800  1 1
                                           31
      2176    2   30  305  770G 1 1  640G 2 2
*Increase satflow to reflect other side roads
 1710    3    1                       38     *Ramsay Brow/Park Road End
      1715*   1   45  235 1500  1 1 1800  1 1
                                           34
      1630*  F1   30  302 1500G 1 1 1500G 1 1
                                              FF 10.00
      1010*   1   40  370 1800  1 1 1500X 1 1
                                           34
										   